ORBIT-SEED-NATIVE-3
DYNAMICS 2
DOMAIN -691200 604800
1422489600 2460708.5005924073 30 120 256 100000
-18161443.692938231 -19860350.993381098 32629196.792195778 2715.4626789409267 -1193.3704360967326 772.68101625738075
398600441500000 6378136.2999999998 0 0 0 0 0 1.3271244004193939e+20 4902800118457.5498 149597870700 1.2544626395391569e-07 1 1.3742437873431229e-09 -3.0655375846838139e-11 -4.094508333760748e-10
2.3045992436154492 7.2921151467069805e-05 0 0
Q 1
-691200 604800 18
0.99999702242830901 -5.7286123199980964e-09 3.1049158579603458e-10 -9.2025016322317201e-10 -1.7393066703891817e-10 2.5212170198119872e-10 3.7359328206944227e-11 -3.5314318873958946e-11 -4.184873249618227e-12 4.1564953667573008e-12 2.1821208541936596e-13 -4.8891653103234792e-13 1.6376593802091557e-14 5.7330700005206552e-14 -6.4502301772140966e-15 -6.5635370642570105e-15 1.129957471237905e-15 7.1620382437264109e-16 -1.970259923856981e-16
3.8696660705816421e-10 -8.5594068283146038e-11 4.0436254242976021e-12 -1.4061423286147234e-11 -2.8153669903796365e-12 3.5847548417709088e-12 6.60754015037842e-13 -4.0611507401816764e-13 -8.132337998275464e-14 2.9038277034353021e-14 6.2362246683786946e-15 -1.4249510864018348e-15 -3.1693266974392724e-16 4.5863779132827318e-17 1.1183487465488273e-17 -1.491828463805544e-18 -2.5736589376020151e-19 5.2850518641970303e-20 -4.0413621901700844e-19
-0.0024403138471058385 -2.3475500938972301e-06 1.279695592561922e-07 -3.7712764364770388e-07 -7.1138666745706332e-08 1.0333173954538969e-07 1.5279005851284744e-08 -1.4469414457903662e-08 -1.7157441345239164e-09 1.7009966989908306e-09 9.0678462678699426e-11 -1.9965348906679217e-10 6.4306485603506922e-12 2.3402039697901465e-11 -2.5773037107792681e-12 -2.6553136393418739e-12 4.6209533015238984e-13 2.8512925058271899e-13 -7.0277118324326498e-14
-9.0366971505827885e-08 -1.787215916935441e-09 1.2097688196955967e-09 2.9903305188411011e-10 -6.3871429558247398e-10 -9.6859557765549102e-11 1.1175584859765021e-10 1.4508683375041162e-11 -1.3702315584423422e-11 -1.1419016327237961e-12 1.5906866042079334e-12 2.397181571433827e-15 -1.8693681017596616e-13 1.5956580441390856e-14 2.1668113576202114e-14 -3.49234146576153e-15 -2.4292784440942731e-15 5.3353058881306658e-16 2.8636216097672669e-16
0.99999999932001205 -2.6836940735341045e-11 1.8265513784039835e-11 4.6049396962572846e-12 -9.6967540333421897e-12 -1.5748208137281805e-12 1.7395052828326926e-12 2.6195905535156259e-13 -2.3120318412139698e-13 -2.9401219537714194e-14 3.0335970225501803e-14 2.5176514912107204e-15 -4.1435807612471323e-15 -2.1429424489145817e-16 5.3177487413657988e-16 -4.2023965098809695e-17 -1.2512841020673065e-16 2.4187952731288211e-18 1.1521445979457675e-17
-3.6871839335025588e-05 -7.3225230107753162e-07 4.9580533123560819e-07 1.2236030860851876e-07 -2.6179612338486762e-07 -3.9707470976679371e-08 4.5814536206631776e-08 6.0042566197762641e-09 -5.6108528680959804e-09 -4.8855146387223927e-10 6.4955021968928526e-10 5.2112649896540254e-12 -7.6140698423508794e-11 5.8614177762735437e-12 8.8204929140156758e-12 -1.3339478039949765e-12 -9.906977704853148e-13 2.0527528126256537e-13 1.1728162041000766e-13
0.0024403138454321869 2.3475500296835993e-06 -1.2796951455236632e-07 3.7712765519524931e-07 7.1138643037015553e-08 -1.0333174346559774e-07 -1.5279001602335698e-08 1.4469415104838712e-08 1.7157435702897617e-09 -1.7009967706426586e-09 -9.0678388470554866e-11 1.9965349516946587e-10 -6.4306585655832648e-12 -2.3402040094645162e-11 2.577305039014327e-12 2.6553136359933802e-12 -4.6209558933669103e-13 -2.8512917748225436e-13 7.0277061712688456e-14
3.6871950070253189e-05 7.3225448302768264e-07 -4.9580680727127024e-07 -1.2236067385867322e-07 2.6179690254689123e-07 3.9707589070937142e-08 -4.5814672513259891e-08 -6.0042741419149556e-09 5.6108696001792016e-09 4.8855279532405842e-10 -6.4955216753318471e-10 -5.2112553014563232e-12 7.6140927909169249e-11 -5.861439262359669e-12 -8.8205195291076789e-12 1.33395235773546e-12 9.9070074699643373e-13 -2.0527596977413167e-13 -1.1728196901128366e-13
0.99999702174832328 -5.7554491257753112e-09 3.2875720754599629e-10 -9.1564512873143329e-10 -1.8362732804495367e-10 2.5054698541622885e-10 3.9098860607946725e-11 -3.505231056153415e-11 -4.4160020175243949e-12 4.1271290378145777e-12 2.4858117470210957e-13 -4.8641859413390062e-13 1.2245559469375917e-14 5.714336112736036e-14 -5.9648099718322864e-15 -6.5831436367048026e-15 1.0308840633302974e-15 6.6979472052830806e-16 -1.8573294854717802e-16
SUN 1
-691200 604800 16
99222868260.876862 14508413807.597387 -435444779.73932981 -10430378.119603639 396212.03501237684 12769.153117204207 -10658.904506337796 -359.95436177014545 586.72117785002285 -23.545888715769877 -40.486217031478787 5.3800439291585 2.9242279029456602 -0.38506439836379952 -0.18143742180502298 0.13653643529286932 -0.044960512989521043
-99236895998.461945 12016534301.268654 433107787.26826942 -9731745.1226418726 -191033.74745684909 45696.114617831096 1990.1493449546497 -2112.0963977986144 -8.8174154342402442 132.7902223437072 -11.45564146013084 -9.6327787653347308 1.6343085524382637 0.9204319336325516 -0.12153697321336374 0.0088979544346085796 -0.020847683409063393
-43018416866.705139 5209441962.2805519 187773398.62168929 -4307058.6234621955 -86077.719516860758 24726.198721406505 1055.4826431128436 -1154.3529841454756 -3.2135612055136336 72.427030856173729 -6.368052190935197 -5.2457546570031024 0.90351144812508344 0.47672655816582071 -0.073911133580951902 -0.0013675721523829368 -0.0066654143136513277
MOON 1
-691200 604800 30
117771662.17866109 56100721.506164335 -226701271.82276073 -11396006.151254827 18447170.807398334 860574.35469941527 -874208.08006443433 -29627.086350324313 48291.412703439302 -1907.1868970816852 -3338.0574035929253 437.64855245608192 246.84169096195097 -52.662013161912604 -17.577858968457399 5.562230996206913 1.1286589322542337 -0.56443555770848752 -0.053126724373935237 0.051133274041081256 0.01274963101914052 -0.0013407682028036712 -0.0036399465690970631 0.0045284226856746428 -0.0096937842151399375 -0.001691055848969427 -0.0012721196021220705 -0.0032788151880751969 -0.00018806594045308152 0.00040307657495177671 -0.0023178719811116685
-19014563.133542109 390045398.96228153 24852257.92021193 -64548770.338839553 -2836159.9012749628 3562813.385702143 161668.76333393506 -173769.34338892339 -716.75653525171799 10951.986804653383 -945.22186213577038 -796.92115954818757 136.77145678732293 58.430679175626402 -15.109107526945305 -3.9899873312665095 1.5546877908556005 0.24301146384673478 -0.15264148738387143 -0.01426990088280018 0.01226662211417388 0.00030696285664944212 -0.00072639776390423061 0.0010427206751083586 -6.7673989259106206e-06 0.00065663451054719286 0.0022551940581737036 -0.0028224708946482887 -0.0015841163740799365 0.0015917164507260365 0.00082329117134456254
-9715369.1871469095 212603219.24304581 12816301.172518002 -35266105.720921792 -1498074.531095902 1949180.7803288314 85941.483105925989 -94981.341571817407 -260.24965046420465 5971.0093406568567 -525.16042741092747 -433.5292340941707 75.342921831659737 31.726481426820829 -8.2951142323634848 -2.1607375969043088 0.85152455335055022 0.13093333130764248 -0.083434912200644279 -0.0076271273173109623 0.0067353408336832876 0.00016679291715158214 -0.00040644513481981922 0.00057718191644612153 -3.3594761110952275e-05 0.00034758428224918259 0.0012209023525329081 -0.0015510817779807486 -0.00086557605993531936 0.00086726412476806835 0.00043965383626050195
GRAVITY 12
1 0
0 0
0 0
-0.0010826266835531513 0
-2.4140000000013671e-10 1.5431000000044758e-09
1.574460374564035e-06 -9.0380380663855704e-07
2.5326564853322355e-06 0
2.1926385291685853e-06 2.6842489029677887e-07
3.0898920688051086e-07 -2.1143761243734292e-07
1.0054877806438434e-07 1.972225590059065e-07
1.6196215913670001e-06 0
-5.0879936040383271e-07 -4.4914487283933612e-07
7.8417585984376227e-08 1.4817786829561232e-07
5.9209940262913216e-08 -1.2007766763362668e-08
-3.9840741176627437e-09 6.5257142537042983e-09
2.2729608286869828e-07 0
-5.3180301500760271e-08 -8.0858694766072954e-08
1.0558716839089794e-07 -5.2329193621634195e-08
-1.4930063749228752e-08 -7.0973423688953741e-09
-2.2993002901269561e-09 3.8671233585093787e-10
4.3082246205179045e-10 -1.6481826262807411e-09
-5.4068123910708486e-07 0
-5.9865669865303731e-08 2.0684117508018353e-08
5.9929123854364915e-09 -4.6493035708214113e-08
1.1854207265131589e-09 1.8716368503814076e-10
-3.2636177805232567e-10 -1.7845028500908663e-09
-2.1559410691194743e-10 -4.3298133715665067e-10
2.2543497083100812e-12 -5.526093664540754e-11
3.5235990841823639e-07 0
2.0484599532116812e-07 6.9850309643136238e-08
3.2843270268130647e-08 9.2696711380821917e-09
3.5270915156422564e-09 -3.0594388049339177e-09
-5.8421357700376345e-10 -2.6289384269288809e-10
6.8577810113806839e-13 6.2777817191926869e-12
-2.490816435235802e-11 1.0535693034994396e-11
2.0254429666329469e-14 4.5340422718024078e-13
2.0479946698535123e-07 0
1.6040395980180389e-08 4.0548028997293776e-08
6.5952039129128644e-09 5.37301949210593e-09
-1.9398888891032891e-10 -8.7295458851153796e-10
-3.1925171379333601e-10 9.1394314929010504e-11
-4.6218396577598555e-12 1.613532959786802e-11
-1.8359236593871592e-12 8.6366194641939093e-12
3.4307029080393071e-13 3.8112397028074348e-13
-1.5818859591056691e-13 1.5365129480423921e-13
1.2061696736507381e-07 0
9.3171233394015539e-08 1.4089637608000469e-08
1.5397345262048794e-09 -2.2317740536110153e-09
-1.2153648538686238e-09 -5.6099844657074032e-10
-7.7032013365327012e-12 1.6658431494801641e-11
-1.6995464468177751e-12 -5.5345378847516653e-12
8.2783720389159835e-13 2.9433001749979166e-12
-2.2559276000878439e-13 -1.8394712937437071e-13
6.159159770936131e-14 -1.0085697115166178e-15
-3.6785128440619033e-15 7.4453305368909735e-15
2.4114543862554768e-07 0
5.1603004728582639e-08 -8.1141014002630523e-08
-5.603483528701465e-09 -3.0668373114840008e-09
-4.0223770950250499e-11 -8.9653667772055926e-10
-4.9517773506995077e-11 -4.6693215835123204e-11
-3.0630989932104009e-12 -3.1374377008162393e-12
-2.6090099640229395e-13 -5.5227049893873658e-13
6.8301999716113798e-15 -2.8334683580861167e-15
4.6381727680610301e-15 -1.0523147897930245e-14
2.3317987964803803e-15 -6.9961808491062094e-16
4.1772966603067527e-16 -9.9779683905069937e-17
-2.4440214832462755e-07 0
8.954491188334475e-09 -1.5856402534240897e-08
9.6461909985144586e-10 -5.1293194374524494e-09
-1.4292765599587871e-10 -6.8325577976509373e-10
-1.6403678934244796e-11 -2.6807504373427433e-11
1.5033237851592968e-12 1.9683806616600992e-12
-4.6752016663964688e-15 1.3582015660233281e-13
1.7090417010454394e-15 -3.7300324544136949e-14
-2.8504057366109103e-16 1.1621938347289371e-15
-1.932327493986597e-16 2.5687933815617999e-16
-4.9519909870662383e-17 -1.7398922952736311e-17
9.3127625553573966e-18 -1.409346995508979e-17
1.88626318279e-07 0
-3.060856073998291e-08 -2.4665282245133376e-08
6.5228373401094287e-10 1.4643160370153455e-09
1.4676023196849682e-10 9.0986657924001706e-11
-2.1322303572691261e-11 1.2884525679207388e-12
8.2357270159871095e-13 2.0829099459593004e-13
8.0984339961135294e-15 9.2898116997542482e-14
-4.1510766797079079e-15 7.9093196855145548e-15
-5.6359556313403595e-16 3.7613330242200158e-16
1.0247229550076016e-16 6.1232387407810843e-17
-1.8422043868617807e-18 9.1980758123617883e-18
4.9476830262122972e-19 -2.8055760666842617e-19
-2.2400590748015626e-20 -1.0034566395626513e-19
RELATIVITY 1 299792458
EOP 16
-777581.99999956414 -691181.99999956414 1
-1.1518837772452938e-07 2.4610888620135874e-08
5.6825011562848713e-07 -5.3814318603158685e-09
1.4782211543870307e-06 9.9386804627453465e-10
-691181.99999956414 -604781.99999956414 1
-6.5091546666652416e-08 2.5485942437741087e-08
5.5743877053974441e-07 -5.4299132284268047e-09
1.4804512973201347e-06 1.2362748868293741e-09
-604781.99999956414 -518381.99999956414 1
-1.2150790701559669e-08 2.7454813527351662e-08
5.46942554343723e-07 -5.0663029675946514e-09
1.4827784029894605e-06 1.0908307824964069e-09
-518381.99999956414 -431981.99999956414 1
3.7326210568847092e-08 2.2022187743055094e-08
5.3702811456503305e-07 -4.8481368110953594e-09
1.4847176577138986e-06 8.4842394194177922e-10
-431981.99999956414 -345581.99999956414 1
7.1963757515705224e-08 1.2615359203803038e-08
5.2793785804422927e-07 -4.2421197097084196e-09
1.4868508379107806e-06 1.2847562549401514e-09
-345581.99999956414 -259181.99999956414 1
8.8079331989927578e-08 3.500215270419309e-09
5.2032628325080949e-07 -3.3694550837113047e-09
1.489880923417715e-06 1.7453292519943357e-09
-259181.99999956414 -172781.99999956414 1
8.5162485931244901e-08 -6.4170613291019793e-09
5.1373281718771985e-07 -3.2240109793783905e-09
1.4933958226057593e-06 1.7695699360498303e-09
-172781.99999956414 -86381.999999564141 1
6.1973559764716788e-08 -1.677186483742613e-08
5.0784233096223902e-07 -2.6664752461024397e-09
1.4973470541068018e-06 2.1816615649929197e-09
-86381.999999564141 18.000000435858965 1
2.2596137972498928e-08 -2.2605556954791732e-08
5.0250938047003403e-07 -2.6664752461024927e-09
1.5014679703962329e-06 1.9392547244380802e-09
18.000000435858965 86418.000000435859 1
-2.2979581694419742e-08 -2.2970162712126938e-08
4.9741883681838389e-07 -2.4240684055476532e-09
1.5053464798451093e-06 1.9392547244381861e-09
86418.000000435859 172818.00000043586 1
-6.4909243787984822e-08 -1.8959499381438135e-08
4.9232829316673374e-07 -2.6664752461024397e-09
1.5094673961345402e-06 2.1816615649929197e-09
172818.00000043586 259218.00000043586 1
-9.4077704374812809e-08 -1.0208961205389859e-08
4.8748015635563843e-07 -2.1816615649929197e-09
1.5133459055834166e-06 1.6968478838833467e-09
259218.00000043586 345618.00000043586 1
-1.0282824255086108e-07 1.4584230293415833e-09
4.8287442638509786e-07 -2.4240684055477062e-09
1.5169820081917382e-06 1.9392547244381861e-09
345618.00000043586 432018.00000043586 1
-8.9702435286788291e-08 1.1667384234731204e-08
4.7826869641455718e-07 -2.1816615649928932e-09
1.5208605176406144e-06 1.9392547244380802e-09
432018.00000043586 518418.00000043586 1
-5.9804763185289872e-08 1.8230287866767214e-08
4.739053732845714e-07 -2.1816615649929197e-09
1.5244966202489358e-06 1.6968478838834526e-09
518418.00000043586 604818.00000043586 1
-2.1885764422413609e-08 1.9688710896109056e-08
4.6978445699514034e-07 -1.9392547244381332e-09
1.5281327228572574e-06 1.9392547244380802e-09
END
